:	337 293 346 288 343 279 339 275 264 237 253 241 258 251 266 257 
:	686 147 687 143 654 125 659 133 
:	760 1067 799 1061 800 1049 759 1053 
:	859 1035 954 1016 958 1003 947 993 858 1008 851 1023 
:	937 417 942 407 905 385 902 395 
:	981 175 985 170 964 151 962 156 
:	999 327 1019 310 999 289 867 223 853 237 877 262 
:	1134 887 1177 880 1185 870 1180 859 1130 863 1121 872 1123 878 
:	1166 756 1198 758 1199 745 1164 743 
:	1230 878 1259 868 1253 857 1223 865 
:	1223 934 1255 927 1259 919 1251 911 1218 918 
:	1319 958 1404 941 1409 905 1313 919 1299 929 1298 944 
:	1306 904 1338 894 1331 879 1326 875 1301 880 1291 888 1292 898 
:	1370 640 1377 644 1381 641 1371 635 
:	1461 641 1474 645 1482 644 1469 632 1462 632 1460 637 
:	1471 771 1526 777 1517 764 1493 753 1478 752 1470 757 
:	1527 707 1532 704 1534 699 1531 695 1527 695 1524 701 
:	1534 659 1542 659 1548 657 1548 653 1546 647 1541 643 1531 643 1531 653 
:	1477 486 1583 562 1612 555 1627 549 1624 527 1582 494 1564 490 1523 464 1510 459 1493 465 1486 470 
:	1677 874 1682 870 1682 864 1678 860 1670 858 1673 868 
:	1686 791 1698 793 1700 788 1694 785 1687 785 
:	1175 290 1181 287 1166 265 1163 266 