:	342 671 364 681 369 676 342 665 
:	400 773 447 794 462 792 463 784 409 764 
:	772 995 790 988 788 977 768 985 
:	704 681 710 677 704 661 698 664 
:	518 223 525 218 511 177 504 183 
:	743 354 762 345 721 256 716 285 
:	834 328 842 329 849 299 844 291 
:	817 524 820 522 816 505 811 507 
:	890 389 897 390 898 354 890 349 
:	880 422 888 425 887 386 881 386 
:	840 455 852 451 846 400 838 400 
:	901 452 910 457 913 424 908 421 
:	1079 741 1102 745 1103 715 1092 710 1078 712 
:	1066 655 1077 660 1080 635 1071 635 
:	1120 591 1131 594 1144 571 1135 566 1128 569 
:	1113 918 1127 912 1128 891 1122 877 1113 874 1100 882 1101 902 
:	1084 955 1095 960 1100 954 1089 947 
:	1158 929 1174 937 1177 928 1164 921 
:	1185 926 1199 927 1201 922 1182 920 
:	1135 830 1151 827 1151 822 1134 824 
:	1091 450 1103 451 1114 414 1108 408 1101 410 
:	1104 113 1110 113 1118 103 1116 101 1114 98 
:	1161 64 1170 57 1177 49 1173 48 1163 56 
:	1180 13 1187 5 1189 2 1183 2 1179 11 
:	1568 51 1580 47 1617 10 1611 6 
:	1264 595 1291 578 1286 570 1260 588 
:	1238 527 1254 522 1270 503 1267 496 1257 503 