:	142 202 245 251 263 247 257 234 164 188 144 193 
:	735 1059 860 1039 861 1020 845 1011 734 1028 726 1040 
:	842 366 895 393 900 387 890 377 849 355 841 359 
:	1062 892 1134 886 1137 875 1132 865 1116 865 1063 865 1058 878 
:	1131 756 1168 755 1173 751 1168 742 1128 740 1127 749 
:	1178 939 1223 932 1220 918 1177 924 1176 932 
:	1194 888 1232 879 1229 866 1191 876 
:	1185 966 1306 950 1306 918 1226 932 1185 941 
:	1267 907 1315 908 1335 880 1316 873 1288 884 1272 893 
:	1253 797 1258 797 1259 793 1259 790 1252 792 
:	1329 402 1554 517 1592 493 1384 379 1354 371 1338 382 
:	1359 631 1370 640 1375 635 1364 628 
:	1447 762 1481 771 1484 753 1450 744 1446 752 
:	1440 681 1448 681 1450 676 1440 674 
:	1440 633 1464 641 1468 635 1466 630 1465 626 1443 621 
:	1516 646 1532 652 1539 646 1535 637 1515 632 
:	1627 703 1633 700 1634 696 1629 691 1625 696 
:	1682 809 1695 807 1695 802 1682 798 1679 804 
:	1318 226 1325 219 1301 173 1292 182 
:	1163 268 1165 265 1152 245 1146 247 
:	1675 478 1692 461 1676 432 1651 430 1653 443 1663 462 
:	1795 273 1809 277 1818 246 1824 229 1814 221 1801 238 