:	697 263 737 271 741 266 698 255 
:	746 443 778 432 774 425 744 431 
:	672 1065 676 1065 691 1032 687 1032 
:	986 530 993 531 993 517 993 512 989 509 986 519 
:	964 437 973 444 985 449 993 444 995 437 993 432 977 421 968 425 
:	958 414 968 415 974 410 975 403 971 400 963 400 957 406 
:	692 481 716 473 715 470 690 476 
:	1053 378 1057 379 1058 377 1058 373 1054 374 
:	1007 582 1012 583 1014 578 1014 572 1009 577 
:	1392 544 1411 555 1413 553 1396 542 
:	1544 677 1572 700 1580 696 1551 678 
:	1568 924 1714 1047 1730 1030 1577 901 1569 910 
:	1709 976 1792 1038 1801 1030 1718 969