:	530 274 539 273 539 267 536 246 527 226 521 229 527 253 
:	368 681 387 686 387 681 369 676 
:	705 693 711 693 712 687 710 678 707 677 702 679 
:	790 987 799 980 800 967 785 974 
:	462 798 495 811 500 802 485 793 464 790 
:	656 797 662 796 663 790 660 786 654 791 
:	769 423 781 414 766 360 758 353 752 358 758 388 
:	827 360 832 361 843 332 842 328 839 327 
:	822 540 825 540 824 531 823 525 819 525 819 534 
:	883 466 891 432 896 395 894 391 889 396 878 452 
:	867 413 869 413 871 410 873 402 870 395 
:	997 180 1018 167 1023 101 1019 64 1011 64 1004 69 1000 90 
:	1097 125 1110 112 1108 108 1095 121 
:	1152 73 1168 59 1166 58 1151 68 
:	1173 23 1184 8 1181 5 1171 21 
:	1054 670 1059 670 1070 656 1063 654 1055 661 
:	1073 754 1085 754 1097 744 1087 734 1074 740 
:	1101 615 1115 609 1123 597 1120 586 1101 601 
:	1079 482 1086 483 1104 452 1100 447 1094 449 
:	1120 829 1140 829 1138 824 1122 822 
:	1068 946 1083 955 1089 953 1086 943 1074 942 
:	1105 912 1120 916 1126 908 1126 887 1116 874 1105 876 1099 890 1100 904 
:	1238 610 1269 592 1262 587 1237 602 
:	1333 471 1365 454 1358 441 1322 463 
:	1218 552 1244 529 1239 523 1210 549 