:	408 331 416 325 414 318 347 280 337 281 336 290 
:	683 148 714 168 717 165 717 164 687 147 
:	939 415 976 441 981 432 945 405 
:	1004 330 1131 403 1138 375 1113 357 1022 304 1009 309 
:	978 174 999 192 1002 190 982 172 
:	800 1060 834 1052 832 1041 794 1046 
:	950 1018 1026 1001 1027 983 1021 979 946 994 
:	1195 756 1219 756 1221 753 1217 746 1194 745 
:	1175 879 1213 874 1216 864 1210 856 1174 858 1171 867 
:	1253 927 1281 918 1280 908 1273 905 1251 912 1251 918 
:	1258 869 1282 859 1280 849 1256 857 
:	1299 905 1329 906 1357 879 1346 876 1284 879 
:	1403 940 1478 928 1481 911 1461 896 1400 902 
:	1595 561 1639 603 1675 599 1676 594 1654 554 1641 540 1630 537 1615 534 1602 540 1592 546 1590 551 
:	1402 594 1432 568 1425 548 1338 503 1318 514 1308 521 1313 534 1361 559 
:	1347 294 1358 292 1353 277 1342 259 1336 257 1336 263 
:	1470 650 1482 652 1487 642 1481 640 1468 637 
:	1539 661 1548 664 1551 654 1550 651 1541 648 1536 650 
:	1374 646 1380 650 1384 645 1377 641 