:	374 994 460 1001 491 986 486 980 375 965 368 971 
:	619 509 629 503 613 481 598 464 591 464 591 473 
:	573 655 575 650 553 629 549 631 
:	808 519 815 514 802 504 795 507 
:	890 712 891 707 877 690 873 691 
:	725 313 729 310 704 268 699 268 
:	820 270 824 267 808 247 804 248 
:	837 333 841 333 831 315 829 315 
:	1027 286 1045 274 988 158 968 167 
:	1165 96 1191 86 1169 1 1137 1 
:	1047 551 1052 551 1047 524 1042 526 
:	915 1034 922 1035 924 1027 920 1023 915 1025 
:	1151 965 1162 967 1161 954 1155 950 1151 948 1148 949 1145 960 
:	1009 879 1016 881 1017 877 1011 872 1006 872 
:	1232 877 1241 882 1249 870 1249 860 1243 858 
:	1304 913 1309 906 1308 898 1303 897 1297 896 1295 910 
:	1233 782 1242 783 1246 768 1244 764 1241 763 1237 762 
:	1297 1012 1303 1015 1307 1013 1307 1009 1303 1003 1295 1003 
:	1295 847 1300 843 1302 836 1299 832 1290 836 1290 842 
:	1362 879 1368 877 1370 874 1370 868 1364 866 1360 872 
:	1301 635 1317 632 1310 588 1302 587 1293 594 
:	1490 326 1505 322 1520 280 1501 287 
:	1490 896 1506 894 1511 889 1504 880 1500 875 1493 876 1488 880 1483 883 1485 892 
:	1577 764 1596 766 1616 740 1601 720 
:	1495 782 1513 791 1534 748 1508 750 
:	1565 683 1578 694 1593 669 1578 659 