:	715 549 724 560 728 557 720 544 717 546 
:	797 1001 804 994 801 989 795 996 
:	789 432 794 431 791 419 784 400 782 399 777 405 
:	824 278 830 278 824 238 819 240 
:	938 399 956 395 928 303 907 306 
:	1106 664 1119 664 1125 637 1110 629 
:	1028 714 1034 712 1034 707 1035 702 1028 703 
:	1125 825 1137 822 1139 815 1136 809 1128 810 1125 816 
:	1256 649 1265 661 1293 636 1281 624 
:	1397 760 1416 778 1480 723 1476 700 1455 698 
:	1399 520 1409 529 1454 484 1439 476 
:	1522 602 1538 597 1556 589 1548 582 1527 592 
:	1580 577 1592 577 1634 554 1638 543 1622 548 1587 567 
