:	192 514 217 511 242 501 223 501 
:	483 326 534 329 528 297 475 294 
:	398 618 442 600 472 579 464 570 397 606 
:	514 609 537 612 591 561 589 543 573 544 518 589 
:	582 383 588 385 598 379 595 377 588 377 
:	709 675 714 678 714 655 710 654 
:	386 1056 393 1052 407 1012 396 1019 
:	860 578 879 581 889 568 909 518 895 500 880 515 860 559 
:	1048 786 1063 792 1064 775 1033 703 1017 711 
:	1112 591 1118 591 1105 572 1100 574 
:	1009 500 1018 510 1015 490 1007 490 
:	1088 404 1107 417 1109 412 1088 400 
:	1016 113 1020 119 1029 117 1038 102 1035 86 
:	918 128 926 123 926 108 918 104 912 117 
:	622 253 662 260 665 246 618 236 
:	708 133 717 136 720 131 710 128 
:	812 831 820 832 820 811 815 811 
:	991 840 996 840 995 820 985 800 990 825 
:	962 1073 967 1073 967 1055 962 1055 
:	1314 623 1357 663 1367 655 1355 634 1327 612 1313 612 
:	1488 199 1562 185 1553 177 1537 176 1488 187 
:	1373 72 1429 48 1431 26 1361 56 
:	1299 39 1350 4 1318 3 1289 35 
:	1732 453 1799 475 1870 486 1875 469 1782 453 1749 450 
:	1527 691 1603 734 1610 724 1606 721 1533 686 
:	1582 670 1633 704 1643 700 1643 696 1593 671 
:	1800 870 1865 916 1905 937 1909 931 1903 923 1807 865 
