:	91 520 136 526 139 519 92 514 
:	210 660 276 661 280 643 216 648 
:	294 692 374 683 446 666 454 646 444 633 424 635 392 645 361 647 308 653 298 656 292 668 
:	573 387 581 386 581 382 571 376 567 381 
:	586 809 600 800 604 791 590 797 580 805 
:	703 701 707 702 713 693 708 690 
:	699 126 706 126 705 113 702 111 697 110 
:	796 423 802 421 802 416 800 413 796 413 
:	867 432 871 432 872 426 867 426 
:	856 492 860 494 864 493 864 487 857 487 
:	855 521 864 521 867 515 859 512 854 514 
:	781 650 818 649 850 638 857 618 847 599 835 591 816 599 800 599 790 596 770 607 762 625 770 642 
:	801 907 808 907 816 883 811 883 
:	1027 530 1033 530 1033 525 1027 519 1023 523 
:	1136 614 1146 622 1149 617 1135 604 1132 608 
:	1009 898 1015 898 1009 874 1005 877 
:	1015 868 1020 865 1011 848 1006 850 
:	1059 815 1066 804 1049 776 1046 786 
:	1133 961 1152 961 1157 937 1150 921 1112 859 1098 861 1089 872 
:	980 79 989 66 988 61 977 77 
:	1047 55 1058 64 1081 10 1066 6 
:	1119 72 1131 75 1149 24 1137 19 
:	1372 684 1467 725 1469 718 1464 712 1368 672 
:	1469 28 1497 18 1521 4 1503 3 1478 18 
:	1488 319 1526 322 1626 280 1633 257 1627 246 1483 308 
:	1730 751 1813 783 1821 775 1780 758 1734 740 
:	1745 804 1817 837 1840 836 1842 827 1750 794 
:	1704 247 1729 235 1729 224 1716 223 1702 228 1693 239 
:	1683 150 1729 142 1775 116 1769 111 1714 129 1697 137 
:	1757 983 1784 985 1780 973 1764 974 
:	1555 926 1625 970 1629 966 1621 958 1565 925 