:	435 532 472 528 476 521 475 516 467 515 434 518 
:	646 458 653 468 677 475 677 465 
:	753 377 779 385 782 377 757 368 
:	687 375 705 384 716 383 716 377 697 371 
:	910 346 919 345 924 342 922 337 912 341 
:	883 136 898 155 903 150 889 135 
:	807 279 816 286 821 281 811 274 
:	805 842 808 845 820 824 815 824 
:	914 811 920 811 934 782 927 779 
:	854 1011 865 1014 907 930 900 922 891 924 868 971 
:	1078 1008 1089 1012 1092 977 1084 977 1081 979 
:	1181 921 1186 921 1188 888 1183 887 
:	1484 1064 1490 1061 1486 1052 1474 1016 1468 1019 
:	1774 643 1803 662 1805 656 1778 641