:	474 369 481 365 477 355 421 320 415 320 410 320 411 330 416 335 
:	579 133 583 129 538 85 536 89 
:	744 185 746 180 715 160 712 163 
:	1003 458 1009 453 979 429 972 435 
:	837 1052 865 1048 871 1038 861 1035 834 1038 
:	1025 1003 1080 988 1086 976 1086 972 1078 967 1018 979 
:	704 683 718 686 719 681 705 678 
:	919 596 974 615 970 605 959 597 928 586 
:	1119 665 1151 678 1150 663 1123 659 
:	1209 456 1215 428 1137 373 1124 401 
:	1216 756 1238 758 1239 749 1219 745 1215 747 
:	1210 875 1241 872 1241 855 1211 854 1206 857 1206 868 
:	1278 921 1302 913 1296 903 1271 904 
:	1280 860 1298 852 1289 846 1276 849 
:	1280 885 1307 907 1335 899 1329 879 1305 873 
:	1350 881 1371 884 1372 875 1353 870 
:	1463 918 1486 921 1516 912 1522 896 1516 889 1507 887 1453 900 
:	1410 599 1509 652 1528 645 1536 628 1434 564 1413 575 
:	1666 638 1700 630 1660 560 1629 569 
:	1353 324 1363 322 1357 292 1347 290 
:	1566 59 1592 54 1597 1 1569 1 
:	1541 671 1553 670 1556 660 1551 654 1542 654 
:	1611 705 1617 705 1619 700 1617 695 1609 696 
:	1378 650 1386 654 1387 649 1379 643 