:	462 46 472 43 455 2 440 3 
:	524 441 527 441 528 434 525 430 522 432 
:	272 647 294 655 302 651 293 646 272 642 
:	638 752 648 758 645 744 639 740 
:	708 1020 730 1017 742 1010 741 1003 739 1000 708 1006 
:	691 636 697 634 693 615 689 613 684 615 
:	695 461 698 462 705 446 702 446 
:	799 467 805 466 797 442 793 445 
:	848 205 858 203 863 147 848 148 
:	879 288 885 286 883 229 875 229 
:	891 239 900 237 901 183 894 175 890 181 
:	918 343 929 334 927 298 921 299 
:	858 361 862 361 863 347 857 343 
:	1097 590 1109 591 1116 554 1104 549 
:	1058 601 1085 587 1055 518 1028 527 
:	908 560 919 557 906 526 898 526 
:	918 1044 924 1043 926 1037 917 1036 
:	1131 974 1141 977 1144 975 1143 966 1135 963 1128 962 1126 962 
:	1163 910 1186 911 1185 900 1161 897 
:	1183 823 1199 821 1199 811 1178 815 
:	952 926 959 922 960 915 955 912 950 913 
:	864 989 877 985 876 975 861 982 
:	1249 754 1266 745 1262 734 1248 744 
:	1221 951 1243 965 1250 952 1229 943 
:	1241 932 1260 934 1257 927 1246 925 
:	1350 537 1385 509 1382 504 1378 501 1345 530 
:	1333 431 1354 411 1360 391 1350 392 1326 421 
:	1121 314 1136 313 1141 277 1127 276 
:	1129 79 1138 69 1134 66 1126 78 
:	1194 33 1203 21 1201 18 1192 32 
:	1447 132 1454 135 1488 91 1513 53 1508 44 1500 44 1448 124 
:	1498 235 1524 205 1518 199 1491 229 
:	1642 118 1660 114 1750 4 1713 5 1646 103 
:	1253 361 1274 330 1268 330 1266 330 1248 354 