:	558 439 566 431 559 420 529 393 521 391 517 399 
:	70 992 211 988 228 957 71 955 
:	662 226 665 223 636 182 632 185 
:	784 223 788 219 771 201 766 202 
:	894 1038 909 1034 905 1023 892 1025 
:	1119 974 1141 966 1141 948 1112 958 
:	796 1003 806 999 809 990 790 992 
:	1108 527 1132 514 1058 447 1025 452 
:	1033 501 1041 498 1024 470 1016 472 
:	1025 653 1033 640 1009 623 1003 631 
:	1235 883 1238 879 1238 876 1234 875 1232 878 
:	1246 867 1254 866 1257 862 1257 855 1252 851 1247 849 1245 850 1242 851 1242 860 
:	1246 764 1251 757 1250 751 1247 749 1241 749 1238 758 1241 764 
:	1299 842 1303 842 1307 838 1302 833 1296 833 1296 841 
:	1306 908 1313 908 1315 903 1315 898 1311 895 1306 895 1303 899 
:	1374 876 1382 872 1382 866 1376 861 1372 863 1370 872 
:	1309 1030 1316 1027 1318 1018 1312 1012 1307 1015 1301 1020 1304 1027 
:	1513 892 1523 897 1530 897 1538 894 1539 886 1535 877 1528 872 1523 871 1514 871 1508 876 1509 889 
:	1431 747 1440 752 1452 752 1454 728 1448 725 1438 722 
:	1526 714 1554 727 1563 689 1551 674 1536 668 1522 671 
:	1495 463 1515 463 1528 445 1540 408 1517 417 1510 437 
:	1277 550 1295 543 1287 514 1273 492 1257 499 1270 526 
:	1341 380 1350 386 1359 354 1351 347 
:	1527 204 1542 212 1570 136 1562 127 1549 131 
:	1633 695 1661 710 1685 673 1678 660 1664 659 1657 660 
:	1633 651 1654 625 1645 615 1637 613 1630 613 1623 618 1617 628 1611 638 
:	1728 497 1773 500 1815 403 1803 378 1784 377 1758 387 