:	428 1022 476 1010 477 1005 427 1011 
:	747 1026 755 1023 767 1019 778 1015 780 1011 775 1009 751 1018 747 1020 
:	676 532 700 542 702 540 703 536 681 528 677 528 
:	615 139 623 144 625 142 617 138 
:	724 336 752 363 758 360 729 334 
:	783 152 802 193 808 193 792 157 
:	774 88 848 200 867 189 846 146 798 79 780 75 
:	946 529 951 532 953 529 953 526 950 521 946 524 
:	1072 570 1087 591 1099 603 1109 587 1084 561 
:	855 731 869 735 874 736 875 732 890 721 
:	1009 702 1023 705 1025 701 1022 696 1015 698 
:	1119 818 1132 816 1134 807 1119 809 
:	1277 880 1298 900 1313 896 1314 871 1298 860 1282 866 
:	1387 1042 1389 1057 1396 1062 1397 1057 1394 1045 1391 1041 
:	1381 835 1385 837 1391 829 1389 826 1386 824 
:	1293 603 1306 613 1311 604 1316 585 1314 575 1306 570 1298 576 
:	1082 318 1078 356 1090 362 1095 347 
:	1533 368 1489 420 1501 432 1508 429 1523 411 1536 389 1545 377 
:	1378 635 1383 635 1386 633 1383 629 1379 630 
:	1403 745 1409 747 1410 742 1406 736 1401 739 
:	1445 676 1451 678 1453 678 1456 675 1452 671 1445 669 
:	1498 634 1535 653 1553 629 1566 593 1577 550 1568 543 1540 539 1526 541 
:	1690 522 1721 512 1750 502 1745 490 1734 491 1691 510 
:	1622 734 1630 737 1631 735 1631 731 1624 729 
