:	596 509 620 506 645 493 634 488 597 503 
:	624 365 636 368 638 365 625 362 
:	672 471 685 473 716 458 716 450 714 445 698 449 672 461 
:	388 987 410 955 405 951 384 981 
:	725 617 732 608 728 605 722 615 
:	738 607 742 605 746 599 744 597 
:	793 367 801 365 799 361 792 363 
:	926 435 936 438 951 423 940 414 930 420 926 426 
:	924 401 946 419 957 426 971 420 974 409 965 394 954 381 941 376 933 380 926 388 
:	989 585 998 586 1002 578 996 550 992 548 986 549 985 569 
:	1081 537 1084 540 1086 537 1081 529 1078 532 
:	1014 145 1017 169 1020 170 1019 150 
:	1076 32 1073 58 1077 59 1079 40 
:	1221 38 1194 81 1193 94 1209 73 1218 57 
:	1232 85 1210 117 1213 121 1233 95 
:	1244 132 1252 131 1273 115 1273 103 1256 114 1248 121 
:	1306 103 1323 91 1327 83 1315 90 
:	1494 408 1545 416 1557 412 1547 401 1494 399 
:	1061 379 1066 381 1068 376 1062 372 
:	1110 323 1122 320 1126 315 1118 314 1112 317 
:	1098 346 1102 343 1101 339 1096 345 
:	1373 573 1410 594 1415 590 1381 572 
:	1435 566 1470 589 1476 582 1438 560 
:	1624 730 1667 760 1669 755 1626 726 
