:	311 559 347 562 345 555 311 551 
:	550 528 581 532 587 525 551 520 
:	490 144 558 195 562 191 496 141 
:	692 358 780 407 842 435 840 400 807 385 715 337 699 340 
:	732 1020 749 995 743 992 731 1014 
:	829 787 835 782 842 778 843 772 830 780 
:	943 795 950 797 965 778 962 768 946 786 
:	934 355 946 358 949 355 935 351 
:	1106 977 1120 975 1125 932 1111 930 
:	1413 938 1417 936 1414 920 1409 915 1407 920 
:	1667 625 1677 628 1684 628 1687 624 1667 619 
:	1708 598 1727 605 1748 605 1750 598 1709 592 
:	1727 796 1755 810 1758 804 1727 788 
:	1430 534 1450 542 1466 532 1487 510 1487 491 1477 480 1465 477 1452 477 1425 515 1427 525 
:	1692 49 1698 50 1706 42 1716 35 1717 31 1715 27 
:	1341 30 1344 30 1345 25 1348 15 1349 9 1348 9