:	477 1012 495 1012 510 1006 509 1000 494 1003 477 1005 
:	775 1014 782 1012 793 1005 797 1000 797 997 797 994 784 1003 777 1009 
:	701 542 719 551 717 543 709 538 701 534 
:	759 368 776 394 780 393 777 388 766 372 
:	803 195 818 230 819 222 810 203 
:	852 208 905 300 918 308 924 293 875 196 858 195 
:	1025 704 1030 705 1035 702 1031 698 1026 700 
:	1103 607 1109 630 1119 632 1125 624 1116 606 1108 601 
:	1130 815 1137 817 1141 812 1137 806 1130 808 
:	1285 888 1297 901 1312 898 1315 887 1304 872 1295 873 1289 880 
:	1282 622 1295 633 1310 610 1295 603 
:	1501 625 1454 695 1458 720 1470 723 1485 719 1535 655 1520 637 1513 630 
:	1555 586 1577 580 1574 574 1554 581 
:	1636 542 1649 545 1694 522 1692 515 1688 513 1640 536 
:	1377 1034 1388 1045 1394 1045 1392 1038 1381 1030 
:	1572 167 1580 164 1589 150 1589 147 1582 152 
:	1590 600 1602 598 1599 594 1592 596 
:	1606 734 1624 734 1624 730 1608 729 
:	1391 737 1404 742 1406 737 1391 732 
:	1380 820 1387 826 1390 824 1382 816 
