:	544 354 550 365 556 361 547 338 538 340 
:	407 692 423 687 422 683 405 687 
:	696 708 701 707 702 702 700 700 695 701 
:	791 948 800 947 801 927 791 932 
:	1017 920 1032 930 1035 926 1020 913 
:	1025 885 1043 893 1045 890 1026 879 
:	1069 822 1083 827 1086 822 1070 816 
:	818 568 821 566 820 563 817 563 
:	789 531 792 524 786 515 780 521 782 529 
:	972 676 981 676 985 666 980 659 974 658 971 667 
:	1039 630 1051 627 1052 622 1039 625 
:	1160 625 1182 624 1182 617 1161 619 
:	1038 531 1053 519 1049 513 1032 526 
:	794 412 801 412 808 396 804 396 
:	856 517 864 499 854 503 854 511 
:	863 486 868 471 860 479 858 484 
:	861 432 866 428 864 425 861 426 
:	994 41 1003 9 1000 6 990 39 
:	1112 903 1121 909 1124 908 1123 904 1117 902 
:	1537 753 1600 764 1615 757 1600 747 1531 739 
:	1108 1048 1116 1046 1113 1036 1104 1029 1099 1034 1106 1044 
:	1243 538 1271 526 1271 520 1244 522 1241 527 
:	1172 420 1199 404 1192 399 1167 410 
:	1229 917 1245 925 1256 913 1252 898 1235 895 1226 900 
:	1047 410 1074 385 1060 385 1042 403 