:	466 1001 506 1008 548 1017 559 1009 560 996 522 987 474 982 469 986 
:	639 543 646 541 646 537 643 527 629 504 622 500 621 505 624 513 
:	925 1041 929 1041 931 1038 931 1032 926 1029 923 1030 922 1037 
:	829 291 832 290 833 283 830 274 824 269 819 263 818 266 818 276 
:	884 101 894 92 874 23 865 26 
:	1067 390 1080 371 1046 279 1024 280 
:	1225 614 1236 590 1227 556 1214 587 
:	1240 737 1252 715 1228 665 1213 654 1207 679 
:	1231 796 1237 792 1243 781 1245 779 1239 776 1229 787 
:	1230 895 1242 883 1238 870 1224 887 
:	1158 974 1165 972 1166 965 1163 958 1158 955 1152 960 1154 969 
:	745 354 748 353 745 339 733 320 728 320 
:	992 916 999 915 997 899 990 899 
:	1015 887 1020 885 1019 878 1017 877 1013 878 
:	911 920 917 920 918 911 910 909 909 911 
:	1295 925 1302 914 1298 908 1288 918 
:	1291 856 1298 847 1293 843 1286 847 1285 858 
:	1184 202 1205 187 1187 71 1164 82 
:	1151 36 1157 39 1162 23 1161 20 
:	1481 908 1492 897 1491 889 1488 883 1474 892 1472 905 
:	1435 182 1452 184 1471 93 1448 87 
:	1541 727 1563 697 1547 691 1526 727 
:	1245 446 1255 446 1257 368 1243 363 
:	1438 581 1444 585 1477 527 1463 529 