:	256 705 331 740 342 722 283 691 
:	297 655 321 663 322 657 303 650 
:	480 108 490 107 474 51 466 53 
:	694 651 700 648 699 635 696 630 689 633 
:	739 1013 761 1001 755 991 736 1001 
:	841 245 851 250 858 202 850 198 
:	879 340 886 339 887 287 876 290 
:	892 286 899 286 899 238 892 238 
:	910 379 920 378 925 346 916 347 
:	1109 964 1126 973 1132 964 1112 955 
:	1070 660 1101 674 1099 638 1093 619 1077 614 1063 611 
:	1082 613 1094 618 1110 591 1099 583 
:	1142 906 1164 910 1166 901 1140 900 
:	1197 943 1222 957 1228 943 1202 935 
:	1218 932 1234 936 1239 926 1219 922 
:	1165 823 1184 823 1182 816 1166 815 
:	1185 787 1200 789 1200 785 1186 783 
:	1111 362 1123 365 1135 310 1121 307 
:	1119 89 1123 90 1131 77 1128 75 
:	1183 41 1197 29 1194 24 1183 37 
:	1412 166 1421 175 1439 159 1458 132 1443 126 1428 149 
:	1318 556 1351 536 1347 527 1312 549 
:	1301 470 1333 435 1323 427 1292 461 
:	1234 382 1253 362 1246 357 1230 376 
:	1240 454 1248 459 1260 446 1250 447 
:	1345 832 1381 839 1410 832 1393 822 1373 818 1345 823 
:	1525 783 1578 740 1567 732 1519 774 
:	1518 268 1546 260 1592 203 1628 159 1615 150 1602 151 