:	327 1072 335 1072 345 1060 336 1062 
:	398 556 415 555 426 553 429 552 412 550 
:	532 651 545 645 550 641 548 638 533 647 
:	612 528 622 530 631 527 634 519 625 521 614 519 
:	614 232 641 259 648 256 623 233 
:	698 1 714 2 725 37 717 42 
:	833 289 849 310 857 310 839 284 
:	942 476 966 491 989 510 1012 492 990 466 965 446 948 455 
:	832 532 840 534 843 529 842 526 835 525 830 525 
:	762 752 771 749 780 743 788 736 795 733 788 728 783 724 772 734 766 735 762 741 759 744 
:	854 760 855 763 857 762 859 758 860 752 861 747 858 746 
:	982 728 981 744 982 749 985 750 989 748 991 739 991 731 991 726 991 720 987 719 983 720 
:	1117 855 1121 883 1128 885 1132 885 1130 870 1125 856 1125 853 
:	1406 892 1409 894 1412 892 1410 884 1407 879 1402 873 1397 867 1394 871 1402 886 
:	1339 538 1353 552 1372 550 1400 546 1411 543 1401 516 1371 522 1351 527 1342 533 
:	1668 755 1682 763 1706 773 1705 768 1701 763 1682 755 1675 752 
:	1640 579 1659 582 1674 588 1678 588 1678 580 1672 578 1659 576 1648 573 1639 573 1637 577 
:	1669 258 1689 256 1744 226 1805 190 1819 182 1816 167 1809 157 1793 157 1773 164 1726 194 1686 225 1672 237 1665 246