:	510 526 530 530 530 519 510 515 
:	352 8 402 66 407 63 359 8 
:	510 824 527 830 550 822 582 812 586 792 
:	723 1043 710 1073 716 1076 729 1049 
:	927 861 932 869 937 866 941 856 946 845 946 832 946 825 940 824 939 831 935 842 
:	1129 1051 1136 1077 1153 1076 1147 1042 1136 1043 
:	937 762 940 762 940 748 937 747 
:	728 490 743 501 748 497 731 483 
:	928 349 932 349 934 348 934 344 932 342 929 342 
:	806 413 813 415 814 410 812 406 811 403 805 408 
:	1436 962 1461 985 1463 983 1458 976 1450 968 1445 962 1441 959 
:	1542 390 1536 420 1547 426 1559 436 1569 439 1596 418 1615 404 1641 386 1658 372 1674 354 1677 328 1662 313 1645 313 1634 311 1617 323 
:	1714 630 1750 635 1750 630 1719 626 
:	1803 825 1857 842 1862 836 1853 831 1809 820 
:	1811 611 1884 615 1887 607 1884 602 1828 598 1813 600 1811 604