:	684 618 692 614 677 589 671 596 
:	662 1029 707 1022 715 1012 713 1003 693 1006 664 1012 
:	790 437 794 434 786 416 781 420 
:	855 342 858 342 858 337 854 325 851 325 
:	851 146 859 152 863 143 861 86 855 79 849 83 
:	874 225 882 213 878 175 865 160 869 201 869 216 
:	887 171 896 181 898 159 887 104 879 102 877 103 
:	918 291 929 285 925 250 921 239 915 243 914 258 
:	1104 549 1117 548 1118 522 1114 510 1108 508 1099 513 
:	929 780 943 780 943 770 938 764 928 770 
:	919 1049 928 1048 928 1041 923 1038 918 1044 
:	946 929 956 925 956 919 949 916 943 921 
:	1142 980 1150 977 1150 970 1145 966 1138 966 
:	1185 910 1199 911 1200 901 1183 901 
:	1248 968 1261 977 1265 964 1259 953 1251 953 1246 956 
:	1258 935 1267 933 1265 927 1253 928 
:	1204 819 1211 814 1210 809 1206 809 1198 809 1197 815 
:	1276 826 1291 823 1294 808 1287 808 1279 810 1273 814 
:	1271 737 1281 732 1285 726 1280 723 1275 724 1270 732 
:	1057 850 1061 849 1064 844 1058 844 1053 849 
:	1133 70 1138 70 1147 60 1142 57 
:	1202 24 1212 13 1208 11 1199 20 
:	1354 118 1359 117 1382 82 1375 79 
:	1496 51 1516 55 1545 1 1525 1 
:	1384 509 1415 476 1406 469 1375 504 
:	1368 383 1392 346 1380 345 1367 370 
:	1193 451 1209 455 1220 396 1205 383 
:	1127 252 1143 248 1147 204 1144 168 1139 165 1133 165 1126 174 