:	550 1017 606 1027 623 1007 560 996 
:	655 574 664 570 646 534 638 539 
:	762 388 767 384 752 349 747 349 
:	900 169 910 170 891 105 884 102 
:	835 306 841 306 832 288 829 291 
:	1110 80 1122 84 1129 75 1116 1 1092 1 
:	1145 50 1153 49 1157 36 
:	1399 34 1405 33 1419 2 1408 0 
:	1081 446 1099 443 1078 369 1063 371 
:	1197 304 1214 322 1211 232 1188 243 
:	928 1051 930 1040 929 1036 922 1037 924 1049 
:	918 928 940 926 931 915 917 913 
:	997 862 1031 887 1041 872 1013 843 
:	1151 980 1159 979 1162 974 1162 966 1158 964 1149 968 
:	1214 906 1231 896 1227 885 1209 894 
:	1222 809 1235 798 1228 788 1217 802 
:	1282 932 1292 925 1289 917 1277 924 
:	1263 968 1284 973 1284 959 1278 952 1269 952 