:	337 1060 349 1063 385 1033 378 1029 
:	706 1071 710 1072 723 1046 720 1041 
:	630 527 651 527 649 518 631 518 
:	642 267 673 292 681 286 649 259 643 260 
:	723 56 742 92 750 89 730 54 
:	795 733 812 726 809 717 789 722 790 728 
:	857 747 860 747 863 737 863 733 860 733 
:	939 359 986 421 999 393 965 333 
:	985 505 1019 537 1032 529 1032 516 1003 482 
:	985 706 982 722 988 725 991 706 
:	1106 833 1118 853 1125 848 1113 821 
:	1381 855 1394 870 1398 869 1384 851 
:	1602 573 1610 576 1638 578 1638 571 1607 568 
:	1612 602 1633 609 1634 605 1615 598 
:	1640 744 1668 757 1674 754 1671 749 1643 737 
:	1308 561 1323 563 1352 552 1353 539 1347 528 1303 543 
:	1580 303 1591 314 1604 313 1684 260 1682 244 1667 238 1657 237 1588 292 
:	1794 467 1810 479 1837 472 1894 464 1900 454 1899 449 1878 449 1848 452 1834 455 1819 458 