:	477 524 507 527 512 519 502 514 477 515 
:	818 822 820 822 830 809 828 807 
:	898 913 902 923 912 917 942 870 941 856 929 861 
:	928 776 930 780 933 778 941 762 937 759 
:	697 469 711 481 720 486 724 480 716 476 712 472 
:	729 390 745 401 751 402 750 394 743 390 736 384 
:	839 515 849 515 852 513 845 509 838 508 
:	972 516 979 520 983 519 986 515 981 511 978 511 
:	926 344 932 346 933 343 933 338 928 337 925 339 
:	787 387 801 396 805 396 802 390 800 387 794 381 788 381 
:	1750 634 1775 643 1778 639 1753 632 
:	1881 611 1903 620 1917 621 1916 605 1890 602 
:	1862 842 1901 871 1916 874 1916 864 1875 841 
:	1468 1019 1475 1020 1475 1013 1467 986 1460 983 1457 985