:	318 663 344 672 344 664 322 656 
:	345 741 375 762 402 757 379 741 355 730 
:	334 1023 340 1025 348 1019 348 1014 341 1015 
:	756 1002 776 995 776 988 771 984 761 986 753 992 
:	698 667 703 666 703 655 698 646 694 650 
:	501 169 508 168 500 143 493 120 485 124 
:	701 258 715 262 719 248 679 151 657 159 
:	838 292 846 294 852 250 847 246 842 249 
:	833 398 845 394 839 359 829 364 
:	864 390 869 389 864 368 861 370 
:	879 384 883 390 887 374 886 337 878 341 
:	888 355 896 354 899 300 888 303 
:	907 421 911 424 919 383 909 383 
:	1096 960 1111 967 1115 959 1110 955 1099 950 
:	1099 902 1121 895 1124 874 1117 862 1107 861 1097 860 1093 868 1091 883 
:	1120 905 1144 907 1144 900 1123 897 
:	1173 936 1198 944 1207 940 1197 931 1176 925 
:	1199 928 1215 929 1216 921 1197 920 
:	1149 826 1165 822 1165 815 1149 819 
:	1081 719 1103 713 1099 660 1077 670 
:	1074 639 1084 641 1093 616 1086 611 
:	1070 441 1075 442 1082 419 1078 418 
:	1099 413 1112 414 1123 364 1122 362 1116 359 1110 363 
:	1113 103 1117 102 1123 91 1121 86 
:	1170 52 1181 45 1186 37 1184 36 
:	1136 568 1146 566 1154 553 1164 536 1154 533 1138 556 
:	1269 501 1288 483 1301 467 1294 461 1269 487 
:	1289 578 1318 557 1318 552 1315 550 1286 570 
:	1493 296 1502 307 1546 257 1525 250 