:	146 526 169 525 191 518 188 510 166 517 146 518 
:	298 650 340 645 365 637 392 618 387 610 342 625 303 637 
:	433 654 448 663 479 651 529 618 536 600 527 594 513 590 480 614 456 623 439 631 433 643 
:	576 390 586 388 589 383 582 382 579 383 
:	368 371 374 372 375 368 375 365 370 363 366 363 
:	707 691 713 691 714 674 709 674 
:	770 175 776 177 779 175 772 172 
:	701 127 710 133 712 131 704 124 
:	829 629 849 636 865 624 883 589 883 564 878 557 869 557 862 557 855 566 850 580 838 589 828 601 825 617 
:	851 515 858 516 858 503 851 501  
:	868 161 874 163 876 153 868 148 864 155 
:	1022 524 1029 522 1018 505 1015 508 1016 517 
:	1116 597 1131 609 1135 606 1119 595 
:	1090 876 1114 880 1112 861 1109 847 1066 782 1055 782 1047 776 
:	1007 854 1009 849 1010 846 995 825 
:	909 99 916 110 925 109 923 89 913 79 
:	1031 86 1040 96 1058 67 1056 56 1052 54 1044 63 
:	1442 332 1486 326 1482 304 1437 311 
:	1423 48 1524 3 1524 2 1479 1 1430 32 
:	1558 190 1654 162 1662 148 1647 148 1559 177 
:	1106 419 1126 426 1128 419 1108 414 
:	1369 669 1409 695 1416 688 1371 659 
:	1647 709 1724 744 1725 735 1649 700 
:	1626 749 1698 781 1700 775 1632 745 
:	1671 252 1690 249 1694 239 1693 232 1674 227 1666 232 1666 235 1668 241 
