:	465 578 482 573 532 545 527 536 469 567 
:	580 554 591 559 626 525 640 506 638 500 633 497 616 506 592 527 581 539 574 544 577 552 
:	403 1010 407 1012 430 958 425 956 
:	341 1073 346 1075 362 1036 358 1034 
:	595 378 603 377 608 370 607 368 
:	711 654 715 654 720 636 717 632 
:	845 390 879 402 910 405 922 389 921 367 882 345 864 340 851 345 843 352 840 368 
:	884 519 906 524 921 472 921 460 905 457 893 486 
:	679 255 704 259 702 243 684 244 
:	1020 710 1034 703 1013 637 1006 632 1003 655 1010 686 
:	983 806 985 802 985 795 982 785 980 779 975 779 
:	1006 488 1012 488 1007 468 1002 470 
:	1310 89 1323 91 1366 73 1386 53 1362 55 1309 77 
:	1262 61 1279 56 1297 41 1294 35 1262 52 
:	1419 208 1475 201 1482 191 1426 197 
:	1016 130 1024 126 1029 117 1024 110 1019 110 1015 121 
:	1075 392 1087 403 1093 403 1090 397 1080 386 1075 389 
:	1269 574 1309 614 1312 608 1307 595 1280 575 
:	1467 638 1522 683 1530 677 1480 641 
:	1527 632 1572 661 1574 657 1573 653 1535 630 
:	1638 437 1682 448 1730 457 1726 444 1718 441 1651 425 1642 425 
:	1724 812 1803 872 1813 865 1734 810 
:	1183 521 1189 524 1192 519 1184 516 
:	923 139 933 138 939 131 939 124 931 120 920 129 
