:	724 560 730 577 733 575 726 557 
:	792 438 803 474 806 473 795 437 
:	823 284 833 330 836 329 830 288 
:	940 408 962 489 979 483 958 406 952 399 942 401 
:	801 990 804 993 806 991 806 987 803 987 
:	838 901 841 901 844 901 844 898 841 895 838 895 
:	886 722 890 718 891 716 890 714 886 717 
:	1104 665 1099 703 1107 705 1115 673 
:	1254 656 1231 691 1233 700 1239 700 1245 690 1253 676 1260 664 1257 658 
:	1349 752 1358 748 1372 742 1370 737 1351 745 
:	1345 819 1362 835 1424 771 1415 757 1398 757 1369 786 1352 806 
:	1397 522 1356 575 1359 581 1366 581 1403 533 
:	1429 686 1442 680 1439 674 1426 681 
:	1454 717 1503 658 1494 649 1448 709 
:	1492 626 1524 602 1518 598 1490 620 
:	1503 930 1507 933 1518 919 1519 917 1515 914 
:	1574 878 1589 866 1586 861 1572 874  
:	1803 345 1754 401 1758 406 1805 355 1806 349 
:	1512 1065 1508 1075 1519 1077 1598 1078 1547 1069 
