:	384 1030 390 1033 424 1024 427 1017 419 1014 385 1025 
:	722 1045 727 1045 737 1034 748 1026 742 1024 729 1033 
:	648 526 676 534 677 527 650 519 
:	810 724 840 731 845 723 827 716 809 714 
:	676 294 714 328 724 323 684 291 
:	745 99 774 143 782 144 783 140 754 102 
:	1023 535 1033 549 1063 570 1077 560 1054 534 1031 523 
:	990 710 1005 706 1007 699 996 697 989 702 
:	1106 822 1115 826 1118 819 1120 815 1110 813 
:	1295 574 1300 586 1310 581 1315 573 1321 557 1319 551 1312 546 1303 546 1298 554 
:	1378 846 1384 855 1387 850 1385 840 1385 835 1380 834 
:	1402 748 1410 757 1413 753 1406 743 1403 744 
:	1437 675 1443 680 1449 679 1444 670 
:	1382 634 1389 637 1390 633 1389 631 1381 631 
:	1365 591 1369 595 1374 590 1368 589 
:	1523 540 1548 558 1581 548 1600 471 1612 443 1589 422 1564 421 1546 429 
:	1575 306 1532 362 1535 374 1550 374 1595 324 1593 309 
:	1737 490 1745 499 1766 493 1798 481 1808 475 1806 466 1795 465 1763 475 1750 481 
:	1588 575 1605 574 1607 574 1604 568 1596 567 1587 568 
:	1602 597 1614 601 1616 599 1606 594 
:	1627 735 1635 741 1646 743 1647 740 1629 733 
:	1391 1064 1397 1076 1407 1076 1397 1063 
