:	384 686 398 690 400 686 386 681 
:	494 813 524 825 530 812 499 800 
:	656 805 661 803 664 800 659 796 654 799 
:	796 975 802 973 803 960 793 961 
:	703 700 708 701 712 690 709 689 703 688 
:	536 309 543 308 541 280 535 270 528 273 
:	368 197 371 195 368 186 364 180 360 182 
:	820 554 825 555 825 540 821 540 
:	779 480 794 470 787 452 775 451 
:	813 385 820 385 834 367 833 360 829 360 
:	882 498 889 497 901 478 898 475 
:	872 490 885 468 891 432 886 425 874 458 
:	865 419 867 420 872 412 869 409 
:	880 1024 887 1027 891 1022 890 1020 880 1019 
:	1055 942 1070 948 1075 940 1056 937 
:	1068 899 1108 909 1113 897 1113 892 1108 882 1103 873 1086 877 1079 888 
:	1105 831 1124 831 1120 825 1101 827 
:	1145 792 1157 792 1159 787 1146 787 
:	1066 763 1079 763 1078 747 1069 746 1055 750 
:	1037 681 1058 674 1048 664 1030 673 
:	1007 645 1020 644 1020 633 1009 629 1003 635 
:	1080 625 1104 615 1099 603 1074 617 
:	1211 619 1240 608 1234 600 1206 614 
:	1068 506 1087 482 1083 474 1063 498 
:	1087 134 1099 123 1099 119 1086 129 
:	1143 77 1153 73 1156 65 1147 71 
:	1160 35 1174 23 1172 20 1160 32 
:	1241 381 1268 360 1263 354 1231 376 
:	1287 506 1335 470 1330 461 1274 499 
:	1751 777 1895 775 1854 751 1756 758 
:	1319 1041 1346 1054 1350 1048 1322 1037 