:	671 597 679 592 663 566 654 566 
:	614 1027 660 1029 670 1019 667 1010 609 1004 
:	777 415 781 413 769 387 765 390 
:	848 326 852 322 844 306 839 309 
:	854 85 859 79 858 56 849 6 834 6 846 71 
:	884 86 874 40 866 6 865 4 852 4 872 88 879 93 
:	912 230 921 232 913 181 905 173 903 178 
:	922 1051 929 1049 929 1039 924 1038 921 1043 
:	1148 982 1156 979 1156 970 1150 968 1145 970 1145 979 
:	1201 911 1216 904 1216 897 1209 895 1196 899 
:	1261 972 1270 975 1275 968 1271 957 1263 954 1257 958 1256 965 
:	1269 934 1279 931 1279 927 1273 925 1264 927 
:	1211 815 1223 807 1220 800 1205 809 
:	951 706 960 704 961 701 955 696 947 701 
:	1102 510 1113 506 1105 452 1093 450 1088 453 1096 502 
:	1201 405 1218 404 1214 311 1199 311 
:	1414 478 1433 451 1426 448 1404 472 
:	1134 171 1141 160 1130 80 1121 73 1112 79 1128 166 
:	1144 61 1151 48 1147 47 1139 57 
:	1380 73 1385 76 1405 34 1400 31 
:	1426 919 1449 919 1445 907 1422 912 
:	1404 856 1430 857 1445 849 1426 846 1411 847 