:	390 543 418 537 433 532 435 523 427 520 388 531 
:	793 875 796 875 808 845 806 843 
:	826 1076 846 1077 862 1032 860 1020 852 1020 843 1025 
:	905 853 909 857 918 816 913 814 
:	892 567 924 541 919 524 889 554 
:	900 359 911 348 908 342 898 353 
:	715 374 747 375 749 366 717 366 
:	787 271 801 277 804 269 794 263 
:	862 122 877 133 883 129 867 116 
:	575 470 623 469 620 460 578 462 
:	1300 549 1324 575 1334 572 1309 543 
:	1491 674 1515 708 1521 704 1516 691 1498 668 
:	1807 662 1839 684 1841 680 1813 661 
:	1754 31 1772 26 1784 18 1767 20 1759 24 
:	1605 968 1644 1028 1651 1024 1613 963 
:	1485 1065 1488 1076 1495 1077 1491 1066