:	517 402 527 399 525 388 476 356 469 361 468 367 
:	714 708 743 710 743 707 714 705 
:	716 684 720 686 723 686 724 682 716 681 
:	744 186 764 202 767 198 747 184 
:	872 1045 892 1040 891 1028 867 1036 
:	1081 986 1120 975 1123 961 1113 955 1077 966 
:	1235 871 1254 867 1253 857 1249 852 1240 852 1232 857 
:	1239 759 1248 759 1250 754 1247 749 1244 747 1238 747 1233 747 1234 755 
:	1299 850 1303 845 1302 839 1299 836 1293 837 1293 842 1293 848 
:	1297 914 1304 912 1311 909 1312 905 1309 897 1302 895 1297 902 
:	1371 880 1377 879 1381 875 1381 867 1376 866 1370 868 1366 874 
:	975 617 983 621 990 623 1000 623 1004 623 1001 619 980 615 
:	1003 459 1022 480 1024 477 1024 470 1011 460 
:	1351 351 1358 352 1362 322 1354 322 
:	1525 910 1537 898 1537 881 1532 876 1518 876 1509 878 1503 890 1505 903 1512 908 
:	1530 689 1560 678 1553 657 1532 634 1514 630 1499 651 
:	1310 35 1324 29 1322 4 1307 0 
:	1551 137 1571 137 1593 49 1586 43 1568 46 1551 123 
:	1383 659 1386 654 1386 648 1382 648 1379 652 1378 660 
:	1633 620 1652 620 1662 618 1672 609 1671 593 1645 589 
:	1665 669 1685 677 1698 666 1698 636 1667 636 
:	1756 403 1782 416 1803 411 1814 395 1826 342 1823 301 1818 281 1764 288 1765 349 
:	1212 460 1252 501 1271 501 1268 487 1250 465 1225 444 