:	419 1052 445 1047 461 1034 462 1026 447 1023 423 1034 415 1044 
:	520 824 543 824 547 818 542 813 531 813 524 813 520 815 
:	399 690 409 690 410 685 396 685 
:	210 548 213 548 213 543 213 540 208 537 204 537 205 546 
:	369 210 374 208 373 195 368 197 
:	539 334 547 334 546 314 542 306 537 309 536 321 
:	699 705 704 705 706 699 707 697 702 696 699 699 
:	792 962 799 964 802 963 803 948 801 946 797 946 793 951 
:	674 39 680 39 679 12 676 9 673 19 
:	782 500 790 501 791 479 784 476 
:	803 400 808 403 818 388 817 382 
:	855 480 872 472 878 452 871 450 
:	860 504 874 486 869 483 855 501 
:	874 512 885 500 885 496 878 500 870 510 
:	997 11 1002 11 1008 3 1002 3 
:	1050 522 1069 507 1067 497 1044 516 
:	1057 628 1076 625 1076 617 1055 621 
:	1182 624 1210 619 1209 613 1181 617 
:	1034 930 1053 941 1058 936 1039 925 
:	1045 894 1064 900 1068 896 1047 887 
:	1085 827 1101 831 1104 827 1086 822 
:	1110 1041 1112 1059 1128 1073 1133 1060 
:	1065 877 1083 894 1087 885 1070 870 
:	1022 779 1051 763 1055 753 1022 751 1000 771 
:	1232 910 1241 923 1251 925 1261 922 1258 905 1249 893 
:	1200 405 1236 382 1233 376 1198 394 
:	1185 365 1203 359 1206 354 1186 353 
:	1443 159 1476 134 1474 129 1438 154 
:	1070 387 1095 362 1090 350 1062 382 
:	1192 328 1210 313 1205 309 1190 326 
:	1076 143 1080 144 1089 131 1086 128 
:	1134 84 1144 78 1143 74 1132 81 
:	1147 46 1158 35 1155 34 1141 44 
:	1226 534 1275 512 1280 504 1278 500 1221 524 
:	1638 766 1757 776 1743 764 1638 756 
:	1537 551 1544 551 1541 545 1537 546 