:	278 557 310 559 307 550 280 551 
:	425 91 475 136 490 139 490 132 440 90 432 86 
:	528 525 552 528 552 521 528 517 
:	593 788 602 803 642 787 638 772 
:	726 1018 725 1044 729 1046 732 1021 
:	827 787 829 802 831 800 830 788 
:	934 796 936 822 944 826 947 826 950 795 
:	747 504 763 511 765 507 751 500 
:	927 351 932 353 935 353 935 350 934 346 929 346 
:	912 203 919 214 922 211 916 197 
:	1109 988 1127 1039 1140 1042 1143 1038 1123 985 1114 983 
:	1416 939 1438 962 1443 961 1443 958 1420 938 
:	1456 480 1472 499 1500 497 1581 434 1573 409 1558 391 1541 393 1524 402 1463 464 
:	1744 602 1770 609 1807 609 1808 600 1747 593 
:	1682 628 1714 630 1715 626 1682 623 
:	1755 808 1804 822 1807 818 1758 802 
:	1729 886 1751 889 1748 879 1734 882