:	228 989 356 993 372 967 230 959 
:	590 472 599 465 564 428 555 432 
:	539 623 545 619 527 602 523 605 
:	736 619 743 613 729 597 717 602 
:	695 268 699 264 673 223 665 223 
:	799 240 802 236 789 221 785 223 
:	959 159 976 142 906 22 881 19 
:	1045 534 1049 534 1046 517 1036 496 1032 499 
:	829 907 870 909 869 896 827 892 
:	905 1034 912 1033 916 1032 918 1026 909 1023 902 1026 
:	1003 879 1011 876 1009 871 1002 869 1000 876 
:	1140 964 1150 965 1153 954 1148 948 1142 948 1136 951 1135 956 1137 963 
:	1244 872 1251 870 1254 862 1252 854 1245 852 1240 858 1239 869 
:	1305 909 1308 907 1311 904 1309 899 1305 897 1302 896 1298 902 1301 910 
:	1364 876 1373 876 1377 870 1374 863 1365 865 1362 868 
:	1296 843 1304 842 1305 838 1301 833 1295 832 1295 837 
:	1241 772 1247 770 1249 763 1249 756 1245 755 1240 755 1239 763 1241 770 
:	1292 592 1312 587 1297 536 1276 542 
:	1164 11 1167 9 1170 1 1162 0 1161 11 
:	1527 218 1535 238 1546 203 1528 198 
:	1207 230 1236 311 1248 302 1224 226 
:	1440 606 1461 599 1463 573 1446 554 
:	1484 495 1498 502 1513 465 1497 454 
:	1501 892 1520 891 1523 879 1517 873 1505 872 1496 873 1494 884 
:	1501 757 1533 765 1549 737 1525 712 
:	1580 684 1626 647 1614 632 1572 663 
:	1612 724 1626 736 1653 694 1633 686 
:	1503 696 1520 687 1513 678 1497 686 
:	1702 559 1726 556 1747 538 1766 503 1728 493 