:	537 537 554 532 584 513 585 503 542 527 
:	629 503 642 508 678 476 676 464 663 465 641 482 633 492 
:	609 371 624 365 621 361 615 361 611 364 
:	903 471 919 473 935 439 934 427 926 427 917 434 908 451 
:	892 398 942 409 952 395 954 384 939 371 919 358 903 361 889 368 886 381 
:	999 635 1013 635 1006 609 1004 586 999 578 992 580 988 593 992 617 
:	816 483 856 465 854 437 801 465 806 479 
:	976 777 981 777 973 753 970 756 
:	1004 465 1007 465 1007 452 1002 453 
:	1091 554 1094 552 1086 537 1082 541 
:	1011 138 1019 141 1022 125 1012 121 
:	1074 389 1079 384 1067 375 1063 379 
:	1077 32 1083 31 1088 12 1084 10 
:	1216 64 1259 12 1252 6 1232 18 1215 48 1213 57 
:	1234 92 1244 84 1260 61 1254 62 1241 72 1234 77 1232 84 
:	1277 110 1306 91 1305 80 1273 100 
:	1329 83 1348 70 1344 67 1328 78 
:	1551 416 1627 435 1627 421 1554 404 
:	1242 545 1277 583 1279 574 1248 540 
:	1412 600 1453 624 1454 619 1415 592 
:	938 1057 943 1074 975 1076 977 1061 979 1035 961 1036 949 1043 
:	1063 155 1066 152 1067 148 1063 148 1061 153 
:	1113 51 1117 51 1119 48 1119 44 1114 45 
