:	94 683 131 697 196 695 300 695 315 683 316 655 220 661 98 656 87 670 
:	419 689 432 688 447 680 428 680 419 682 
:	563 380 571 378 572 373 557 362 550 363 
:	697 706 703 705 707 702 707 699 700 699 
:	758 387 768 392 770 376 766 370 760 368 754 372 
:	985 63 989 64 995 42 990 39 
:	790 929 799 933 806 913 799 910 
:	796 421 800 422 802 410 796 409 
:	856 494 864 495 863 483 856 483 
:	852 520 865 523 864 516 854 513 
:	1029 531 1034 533 1039 528 1033 524 
:	1019 921 1023 919 1017 899 1013 907 
:	1024 884 1028 884 1020 864 1016 869 
:	1144 620 1158 624 1160 620 1146 615 
:	1055 817 1069 838 1080 833 1065 805 
:	995 674 1002 679 1000 668 995 668 
:	1162 1020 1187 1017 1192 991 1169 955 1150 930 1138 928 1124 943 1137 979 
:	1224 722 1233 723 1240 718 1238 710 1229 706 1224 707 1221 714 
:	1150 426 1170 421 1170 411 1150 417 
:	1474 729 1506 740 1533 746 1535 737 1478 724 
:	1637 244 1690 241 1811 160 1810 134 1781 128 1653 222 
:	1837 789 1894 806 1907 795 1845 782 
:	1857 845 1911 862 1912 845 1868 832 
:	1762 992 1788 991 1788 987 1774 979 1767 978 1758 979 1758 987 
:	1229 910 1237 910 1242 899 1228 892 1225 898 
:	1153 879 1162 886 1166 881 1159 874 
:	1156 552 1178 551 1183 546 1182 541 1152 546 
:	1174 369 1189 366 1201 355 1177 358 
:	1038 418 1050 414 1047 404 1038 410 