:	360 561 379 561 393 558 396 555 397 552 382 555 365 556 
:	586 532 602 532 611 531 614 527 615 524 612 523 604 522 592 523 585 523 
:	757 742 729 752 726 756 731 762 748 758 754 751 758 750 
:	566 200 601 224 610 228 614 228 614 223 611 219 574 198 
:	749 994 761 989 771 976 772 970 767 970 
:	850 443 945 478 959 467 964 447 921 427 876 408 859 408 849 418 847 433 
:	962 774 968 778 970 775 976 769 983 755 987 744 979 740 
:	1111 934 1120 938 1127 934 1130 911 1131 891 1127 881 1123 879 
:	1390 542 1422 549 1447 545 1461 536 1462 519 1452 512 1444 507 1437 506 1426 510 1412 514 1404 512 1395 518 1390 526 
:	1406 916 1413 918 1413 914 1413 904 1410 894 1408 892 
:	1704 775 1724 794 1729 789 1710 772 
:	1675 585 1708 601 1715 593 1679 578 
:	1802 150 1810 169 1826 175 1875 153 1916 126 1916 73 1858 114 
:	949 359 955 357 960 355 963 351 957 350 951 354 
:	846 773 850 770 854 767 856 763 859 758 857 758