9
0.6
80
0
3
0.9
1
9
4
16
0.3
3.33333


9
0.6
80
0
3
0.9
1
9
4
16
0.5
2


9
0.6
80
0
3
0.9
1
9
4
20
0.5
2


9
0.6
80
0
3
0.9
1
9
4
24
0.5
2


9
0.6
80
0
3
0.9
1
9
6
16
0.5
2


9
0.6
80
0
3
0.9
1
9
6
20
0.5
2


9
0.6
80
0
3
0.9
1
9
6
24
0.5
2


9
0.6
80
0
3
0.9
1
9
8
16
0.5
2


9
0.6
80
0
3
0.9
1
9
8
20
0.5
2


9
0.6
80
0
3
0.9
1
9
8
24
0.5
2


9
0.6
80
0
3
0.9
3
9
6
20
0.5
2


9
0.6
80
0
3
0.9
3
9
6
24
0.5
2


9
0.6
80
0
3
0.9
3
9
8
16
0.5
2


9
0.6
80
0
3
0.9
3
9
8
20
0.5
2


9
0.6
80
0
3
0.9
3
9
8
24
0.5
2


9
0.6
80
0
3
0.9
5
9
6
16
0.5
2


9
0.6
80
0
3
0.9
5
9
8
16
0.5
2


9
0.6
80
0
3
1
5
9
6
16
0.3
3.33333


9
0.6
80
0
3
1
5
9
6
16
0.5
2


9
0.6
80
0
3
1
5
9
8
16
0.3
3.33333


9
0.6
80
0
3
1
5
9
8
16
0.5
2


9
0.6
80
0
5
1
5
9
6
16
0.3
3.33333


9
0.6
80
0
5
1
5
9
6
16
0.5
2


9
0.6
80
0
5
1
5
9
8
16
0.3
3.33333


9
0.6
80
0
5
1
5
9
8
16
0.5
2


9
0.6
80
1
3
0.9
5
9
6
16
0.5
2


9
0.6
80
1
3
0.9
5
9
8
16
0.5
2


9
0.6
80
1
5
0.9
5
9
6
16
0.5
2


9
0.6
80
1
5
0.9
5
9
8
16
0.5
2


9
0.6
80
1
5
1
5
9
6
16
0.5
2


9
0.6
80
1
5
1
5
9
8
16
0.5
2


9
0.8
80
0
3
0.9
1
9
4
16
0.3
3.33333


9
0.8
80
0
3
0.9
1
9
4
16
0.5
2


9
0.8
80
0
3
0.9
1
9
6
16
0.3
3.33333


9
0.8
80
0
3
0.9
1
9
8
16
0.3
3.33333


9
0.8
80
0
3
1
1
9
4
16
0.5
2


9
0.8
80
0
3
1
1
9
6
16
0.5
2


9
0.8
80
0
3
1
1
9
8
16
0.5
2


9
0.8
80
0
3
1
3
9
4
16
0.3
3.33333


9
0.8
80
0
3
1
3
9
4
20
0.3
3.33333


9
0.8
80
0
3
1.1
5
9
6
24
0.3
3.33333


9
0.8
80
0
3
1.1
5
9
8
24
0.3
3.33333


9
0.8
80
0
5
1
3
9
4
24
0.3
3.33333


9
0.8
80
0
5
1
3
9
4
24
0.5
2


9
0.8
100
0
5
0.9
3
9
6
24
0.5
2


9
0.8
100
1
3
1
3
9
6
20
0.5
2


9
0.8
100
1
3
1
3
9
6
24
0.5
2


9
0.8
100
1
3
1
3
9
8
20
0.5
2


9
0.8
100
1
3
1
3
9
8
24
0.5
2


9
0.8
100
1
5
1
5
9
8
20
0.5
2


